0.9916629781507519
0.9836835223065169
0.9765590600672731
0.9697831783509129
0.9633504315489613
0.9567271189612689
0.9502101475238041
0.9436626367288347
0.9370225488161569
0.9301879872610755
0.9961002950076113
0.9916629781507519
0.9875648810649266
0.9836835223065169
0.9799993429707511
0.9765590600672731
0.9731566865167598
0.9697831783509129
0.9665070057755129
0.9633504315489613
0.9599859795144701
0.9567271189612689
0.9534651437311527
0.9502101475238041
0.9469478607849925
0.9436626367288347
0.9403494215455601
0.9370225488161569
0.9336292684341709
0.9301879872610755
