0.9629243834442336
0.9484480575733606
0.9346211843776451
0.9207095064407169
0.9075910862175596
0.894297983085337
0.8813862798980264
0.8686347597402748
0.855935396813965
0.843158349443611
0.9702124067301068
0.9629243834442336
0.9556126878512975
0.9484480575733606
0.9414576684268486
0.9346211843776451
0.9277045971498429
0.9207095064407169
0.9140041905412274
0.9075910862175596
0.9008107398006507
0.894297983085337
0.8878190357989239
0.8813862798980264
0.8749977255758149
0.8686347597402748
0.8622796272906152
0.855935396813965
0.8495388957219843
0.843158349443611
